bullying 2 1407448416737710090 1407448416737710090
kyar 6 1407448416737710090 1407448476724695045 1407448695352791041 1407448416737710090 1407448476724695045 1407448695352791041
hij 10 1407448416737710090 1407448469187485699 1407448522392227848 1407448640931647493 1407448695449309185 1407448416737710090 1407448469187485699 1407448522392227848 1407448640931647493 1407448695449309185
keik 96 1407448416737710090 1407448419870908424 1407448422861451270 1407448428364316677 1407448468843552774 1407448469187485699 1407448476724695045 1407448483892768773 1407448495536095232 1407448498929385473 1407448502028877825 1407448503010349061 1407448506730696707 1407448507762548740 1407448522392227848 1407448526611750917 1407448527928713219 1407448528901836803 1407448529086386184 1407448531330383874 1407448537600770052 1407448574791761922 1407448580516990976 1407448595050205198 1407448595117359105 1407448609507921931 1407448621163978763 1407448628864733194 1407448635181350916 1407448636238307330 1407448636670332930 1407448638280900613 1407448640931647493 1407448646296084480 1407448655314010118 1407448664436613123 1407448664725983239 1407448668613922816 1407448670107312130 1407448695184965634 1407448695352791041 1407448706480287748 1407448708745248774 1407448710628495367 1407448735924342787 1407448745508171777 1407448745629868034 1407448757948592133 1407448416737710090 1407448419870908424 1407448422861451270 1407448428364316677 1407448468843552774 1407448469187485699 1407448476724695045 1407448483892768773 1407448495536095232 1407448498929385473 1407448502028877825 1407448503010349061 1407448506730696707 1407448507762548740 1407448522392227848 1407448526611750917 1407448527928713219 1407448528901836803 1407448529086386184 1407448531330383874 1407448537600770052 1407448574791761922 1407448580516990976 1407448595050205198 1407448595117359105 1407448609507921931 1407448621163978763 1407448628864733194 1407448635181350916 1407448636238307330 1407448636670332930 1407448638280900613 1407448640931647493 1407448646296084480 1407448655314010118 1407448664436613123 1407448664725983239 1407448668613922816 1407448670107312130 1407448695184965634 1407448695352791041 1407448706480287748 1407448708745248774 1407448710628495367 1407448735924342787 1407448745508171777 1407448745629868034 1407448757948592133
fujimori 94 1407448416737710090 1407448419870908424 1407448422861451270 1407448422861451270 1407448428364316677 1407448468843552774 1407448468843552774 1407448469187485699 1407448476724695045 1407448483892768773 1407448495536095232 1407448502028877825 1407448503010349061 1407448506730696707 1407448507762548740 1407448522392227848 1407448527928713219 1407448529086386184 1407448531330383874 1407448537600770052 1407448574791761922 1407448574791761922 1407448588553232386 1407448595050205198 1407448595050205198 1407448595117359105 1407448621163978763 1407448628864733194 1407448628864733194 1407448635181350916 1407448636238307330 1407448636670332930 1407448636670332930 1407448640931647493 1407448646296084480 1407448655314010118 1407448655314010118 1407448664436613123 1407448664725983239 1407448668613922816 1407448670107312130 1407448695184965634 1407448695352791041 1407448706480287748 1407448708745248774 1407448745508171777 1407448745629868034 1407448416737710090 1407448419870908424 1407448422861451270 1407448422861451270 1407448428364316677 1407448468843552774 1407448468843552774 1407448469187485699 1407448476724695045 1407448483892768773 1407448495536095232 1407448502028877825 1407448503010349061 1407448506730696707 1407448507762548740 1407448522392227848 1407448527928713219 1407448529086386184 1407448531330383874 1407448537600770052 1407448574791761922 1407448574791761922 1407448588553232386 1407448595050205198 1407448595050205198 1407448595117359105 1407448621163978763 1407448628864733194 1407448628864733194 1407448635181350916 1407448636238307330 1407448636670332930 1407448636670332930 1407448640931647493 1407448646296084480 1407448655314010118 1407448655314010118 1407448664436613123 1407448664725983239 1407448668613922816 1407448670107312130 1407448695184965634 1407448695352791041 1407448706480287748 1407448708745248774 1407448745508171777 1407448745629868034
inacept 2 1407448416737710090 1407448416737710090
imag 4 1407448416737710090 1407448640931647493 1407448416737710090 1407448640931647493
red 4 1407448416737710090 1407448640931647493 1407448416737710090 1407448640931647493
mayor 4 1407448416737710090 1407448515865939968 1407448416737710090 1407448515865939968
hombr 6 1407448416737710090 1407448471599210497 1407448710628495367 1407448416737710090 1407448471599210497 1407448710628495367
adult 4 1407448416737710090 1407448471599210497 1407448416737710090 1407448471599210497
¡es 2 1407448416737710090 1407448416737710090
niñ 6 1407448416737710090 1407448471599210497 1407448640931647493 1407448416737710090 1407448471599210497 1407448640931647493
13 10 1407448416737710090 1407448476724695045 1407448476724695045 1407448695352791041 1407448695352791041 1407448416737710090 1407448476724695045 1407448476724695045 1407448695352791041 1407448695352791041
años 16 1407448416737710090 1407448476724695045 1407448476724695045 1407448691447930882 1407448695352791041 1407448695352791041 1407448743864156168 1407448762629378049 1407448416737710090 1407448476724695045 1407448476724695045 1407448691447930882 1407448695352791041 1407448695352791041 1407448743864156168 1407448762629378049
keikofujimori 86 1407448419568914435 1407448425629634560 1407448427382939651 1407448430339842058 1407448446152347659 1407448456109740034 1407448469514637318 1407448484312145925 1407448507850625028 1407448526611750917 1407448528901836803 1407448534870376455 1407448535252017167 1407448552977190916 1407448563882340356 1407448565195083781 1407448580516990976 1407448597185110019 1407448609507921931 1407448616021733378 1407448616801910790 1407448629338689544 1407448641405698049 1407448643091714056 1407448678978265092 1407448691447930882 1407448695449309185 1407448696854306822 1407448697261019136 1407448703489691653 1407448705851088896 1407448710628495367 1407448718878597121 1407448736054251522 1407448743864156168 1407448750537248774 1407448753284521986 1407448753284521986 1407448755457175556 1407448757948592133 1407448760993599492 1407448762629378049 1407448763510165505 1407448419568914435 1407448425629634560 1407448427382939651 1407448430339842058 1407448446152347659 1407448456109740034 1407448469514637318 1407448484312145925 1407448507850625028 1407448526611750917 1407448528901836803 1407448534870376455 1407448535252017167 1407448552977190916 1407448563882340356 1407448565195083781 1407448580516990976 1407448597185110019 1407448609507921931 1407448616021733378 1407448616801910790 1407448629338689544 1407448641405698049 1407448643091714056 1407448678978265092 1407448691447930882 1407448695449309185 1407448696854306822 1407448697261019136 1407448703489691653 1407448705851088896 1407448710628495367 1407448718878597121 1407448736054251522 1407448743864156168 1407448750537248774 1407448753284521986 1407448753284521986 1407448755457175556 1407448757948592133 1407448760993599492 1407448762629378049 1407448763510165505
hab 4 1407448419568914435 1407448664436613123 1407448419568914435 1407448664436613123
dat 16 1407448419568914435 1407448419568914435 1407448446152347659 1407448456109740034 1407448456109740034 1407448664436613123 1407448697261019136 1407448763510165505 1407448419568914435 1407448419568914435 1407448446152347659 1407448456109740034 1407448456109740034 1407448664436613123 1407448697261019136 1407448763510165505
firm 8 1407448419568914435 1407448469514637318 1407448535252017167 1407448678978265092 1407448419568914435 1407448469514637318 1407448535252017167 1407448678978265092
te 12 1407448419568914435 1407448440565649411 1407448528901836803 1407448580516990976 1407448708262866955 1407448718878597121 1407448419568914435 1407448440565649411 1407448528901836803 1407448580516990976 1407448708262866955 1407448718878597121
den 2 1407448419568914435 1407448419568914435
llen 2 1407448419568914435 1407448419568914435
spam 2 1407448419568914435 1407448419568914435
man 6 1407448419568914435 1407448563882340356 1407448697261019136 1407448419568914435 1407448563882340356 1407448697261019136
fiel 4 1407448419870908424 1407448668613922816 1407448419870908424 1407448668613922816
mitoman 4 1407448419870908424 1407448668613922816 1407448419870908424 1407448668613922816
empedern 4 1407448419870908424 1407448668613922816 1407448419870908424 1407448668613922816
apoy 8 1407448419870908424 1407448668613922816 1407448696854306822 1407448724335386627 1407448419870908424 1407448668613922816 1407448696854306822 1407448724335386627
50 6 1407448419870908424 1407448668613922816 1407448735924342787 1407448419870908424 1407448668613922816 1407448735924342787
peruan 20 1407448419870908424 1407448427382939651 1407448506848120832 1407448515865939968 1407448565195083781 1407448668613922816 1407448708262866955 1407448735924342787 1407448755457175556 1407448760993599492 1407448419870908424 1407448427382939651 1407448506848120832 1407448515865939968 1407448565195083781 1407448668613922816 1407448708262866955 1407448735924342787 1407448755457175556 1407448760993599492
aventur 4 1407448419870908424 1407448668613922816 1407448419870908424 1407448668613922816
golpist 6 1407448419870908424 1407448595117359105 1407448668613922816 1407448419870908424 1407448595117359105 1407448668613922816
encuest 10 1407448419870908424 1407448506730696707 1407448588553232386 1407448638280900613 1407448668613922816 1407448419870908424 1407448506730696707 1407448588553232386 1407448638280900613 1407448668613922816
iep 10 1407448419870908424 1407448506730696707 1407448588553232386 1407448638280900613 1407448668613922816 1407448419870908424 1407448506730696707 1407448588553232386 1407448638280900613 1407448668613922816
demuestr 4 1407448419870908424 1407448668613922816 1407448419870908424 1407448668613922816
69 16 1407448419870908424 1407448506730696707 1407448565195083781 1407448635181350916 1407448638280900613 1407448668613922816 1407448755457175556 1407448760993599492 1407448419870908424 1407448506730696707 1407448565195083781 1407448635181350916 1407448638280900613 1407448668613922816 1407448755457175556 1407448760993599492
desaprueb 10 1407448419870908424 1407448506730696707 1407448635181350916 1407448638280900613 1407448668613922816 1407448419870908424 1407448506730696707 1407448635181350916 1407448638280900613 1407448668613922816
despreci 4 1407448419870908424 1407448668613922816 1407448419870908424 1407448668613922816
actuacion 8 1407448419870908424 1407448506730696707 1407448638280900613 1407448668613922816 1407448419870908424 1407448506730696707 1407448638280900613 1407448668613922816
//t.co/nnnzvleqsp 4 1407448419870908424 1407448668613922816 1407448419870908424 1407448668613922816
incumpl 14 1407448422861451270 1407448468843552774 1407448574791761922 1407448595050205198 1407448628864733194 1407448636670332930 1407448655314010118 1407448422861451270 1407448468843552774 1407448574791761922 1407448595050205198 1407448628864733194 1407448636670332930 1407448655314010118
señor 16 1407448422861451270 1407448468843552774 1407448574791761922 1407448595050205198 1407448628864733194 1407448636670332930 1407448640931647493 1407448655314010118 1407448422861451270 1407448468843552774 1407448574791761922 1407448595050205198 1407448628864733194 1407448636670332930 1407448640931647493 1407448655314010118
comun 30 1407448422861451270 1407448468843552774 1407448507762548740 1407448528901836803 1407448535252017167 1407448535252017167 1407448574791761922 1407448595050205198 1407448609507921931 1407448628864733194 1407448636670332930 1407448646296084480 1407448655314010118 1407448708745248774 1407448735924342787 1407448422861451270 1407448468843552774 1407448507762548740 1407448528901836803 1407448535252017167 1407448535252017167 1407448574791761922 1407448595050205198 1407448609507921931 1407448628864733194 1407448636670332930 1407448646296084480 1407448655314010118 1407448708745248774 1407448735924342787
carl 26 1407448422861451270 1407448468843552774 1407448532311740422 1407448558769524736 1407448574791761922 1407448582681210884 1407448595050205198 1407448620434141188 1407448628864733194 1407448636670332930 1407448646296084480 1407448655314010118 1407448708745248774 1407448422861451270 1407448468843552774 1407448532311740422 1407448558769524736 1407448574791761922 1407448582681210884 1407448595050205198 1407448620434141188 1407448628864733194 1407448636670332930 1407448646296084480 1407448655314010118 1407448708745248774
raff 18 1407448422861451270 1407448468843552774 1407448574791761922 1407448595050205198 1407448628864733194 1407448636670332930 1407448646296084480 1407448655314010118 1407448708745248774 1407448422861451270 1407448468843552774 1407448574791761922 1407448595050205198 1407448628864733194 1407448636670332930 1407448646296084480 1407448655314010118 1407448708745248774
testig 18 1407448422861451270 1407448468843552774 1407448574791761922 1407448595050205198 1407448628864733194 1407448636670332930 1407448646296084480 1407448655314010118 1407448708745248774 1407448422861451270 1407448468843552774 1407448574791761922 1407448595050205198 1407448628864733194 1407448636670332930 1407448646296084480 1407448655314010118 1407448708745248774
cas 36 1407448422861451270 1407448422861451270 1407448468843552774 1407448468843552774 1407448471599210497 1407448574791761922 1407448574791761922 1407448595050205198 1407448595050205198 1407448628864733194 1407448628864733194 1407448629338689544 1407448636670332930 1407448636670332930 1407448646296084480 1407448655314010118 1407448655314010118 1407448708745248774 1407448422861451270 1407448422861451270 1407448468843552774 1407448468843552774 1407448471599210497 1407448574791761922 1407448574791761922 1407448595050205198 1407448595050205198 1407448628864733194 1407448628864733194 1407448629338689544 1407448636670332930 1407448636670332930 1407448646296084480 1407448655314010118 1407448655314010118 1407448708745248774
odebrecht 32 1407448422861451270 1407448422861451270 1407448468843552774 1407448468843552774 1407448574791761922 1407448574791761922 1407448595050205198 1407448595050205198 1407448628864733194 1407448628864733194 1407448636670332930 1407448636670332930 1407448646296084480 1407448655314010118 1407448655314010118 1407448708745248774 1407448422861451270 1407448422861451270 1407448468843552774 1407448468843552774 1407448574791761922 1407448574791761922 1407448595050205198 1407448595050205198 1407448628864733194 1407448628864733194 1407448636670332930 1407448636670332930 1407448646296084480 1407448655314010118 1407448655314010118 1407448708745248774
fuerz 28 1407448422861451270 1407448425629634560 1407448468843552774 1407448498929385473 1407448532311740422 1407448558769524736 1407448574791761922 1407448582681210884 1407448595050205198 1407448620434141188 1407448628864733194 1407448636670332930 1407448655314010118 1407448664436613123 1407448422861451270 1407448425629634560 1407448468843552774 1407448498929385473 1407448532311740422 1407448558769524736 1407448574791761922 1407448582681210884 1407448595050205198 1407448620434141188 1407448628864733194 1407448636670332930 1407448655314010118 1407448664436613123
popul 18 1407448422861451270 1407448468843552774 1407448498929385473 1407448574791761922 1407448595050205198 1407448628864733194 1407448636670332930 1407448655314010118 1407448664436613123 1407448422861451270 1407448468843552774 1407448498929385473 1407448574791761922 1407448595050205198 1407448628864733194 1407448636670332930 1407448655314010118 1407448664436613123
elecciones-2021 14 1407448422861451270 1407448468843552774 1407448574791761922 1407448595050205198 1407448628864733194 1407448636670332930 1407448655314010118 1407448422861451270 1407448468843552774 1407448574791761922 1407448595050205198 1407448628864733194 1407448636670332930 1407448655314010118
comerci 14 1407448422861451270 1407448468843552774 1407448574791761922 1407448595050205198 1407448628864733194 1407448636670332930 1407448655314010118 1407448422861451270 1407448468843552774 1407448574791761922 1407448595050205198 1407448628864733194 1407448636670332930 1407448655314010118
peru 32 1407448422861451270 1407448446152347659 1407448446504681472 1407448468843552774 1407448510715383815 1407448574791761922 1407448595050205198 1407448595117359105 1407448628864733194 1407448635181350916 1407448636670332930 1407448655314010118 1407448671084498947 1407448708262866955 1407448747374788608 1407448750537248774 1407448422861451270 1407448446152347659 1407448446504681472 1407448468843552774 1407448510715383815 1407448574791761922 1407448595050205198 1407448595117359105 1407448628864733194 1407448635181350916 1407448636670332930 1407448655314010118 1407448671084498947 1407448708262866955 1407448747374788608 1407448750537248774
//t.co/p5tcftdrcn 14 1407448422861451270 1407448468843552774 1407448574791761922 1407448595050205198 1407448628864733194 1407448636670332930 1407448655314010118 1407448422861451270 1407448468843552774 1407448574791761922 1407448595050205198 1407448628864733194 1407448636670332930 1407448655314010118
rosatoler 2 1407448425629634560 1407448425629634560
respet 4 1407448425629634560 1407448549537767425 1407448425629634560 1407448549537767425
armad 10 1407448425629634560 1407448532311740422 1407448558769524736 1407448582681210884 1407448620434141188 1407448425629634560 1407448532311740422 1407448558769524736 1407448582681210884 1407448620434141188
muert 4 1407448425629634560 1407448535252017167 1407448425629634560 1407448535252017167
hambr 4 1407448425629634560 1407448510715383815 1407448425629634560 1407448510715383815
busc 2 1407448427382939651 1407448427382939651
raton 2 1407448427382939651 1407448427382939651
dond 6 1407448427382939651 1407448427382939651 1407448638964576263 1407448427382939651 1407448427382939651 1407448638964576263
hart 8 1407448427382939651 1407448565195083781 1407448755457175556 1407448760993599492 1407448427382939651 1407448565195083781 1407448755457175556 1407448760993599492
tu 24 1407448427382939651 1407448427382939651 1407448430339842058 1407448580516990976 1407448597185110019 1407448597185110019 1407448635181350916 1407448635181350916 1407448708262866955 1407448708262866955 1407448718878597121 1407448718878597121 1407448427382939651 1407448427382939651 1407448430339842058 1407448580516990976 1407448597185110019 1407448597185110019 1407448635181350916 1407448635181350916 1407448708262866955 1407448708262866955 1407448718878597121 1407448718878597121
terqued 2 1407448427382939651 1407448427382939651
acept 10 1407448427382939651 1407448597185110019 1407448641405698049 1407448735924342787 1407448753284521986 1407448427382939651 1407448597185110019 1407448641405698049 1407448735924342787 1407448753284521986
derrot 8 1407448427382939651 1407448597185110019 1407448635181350916 1407448641405698049 1407448427382939651 1407448597185110019 1407448635181350916 1407448641405698049
veas 2 1407448427382939651 1407448427382939651
fantasm 2 1407448427382939651 1407448427382939651
whuacasi 2 1407448428364316677 1407448428364316677
larepublica_p 2 1407448428364316677 1407448428364316677
cre 8 1407448428364316677 1407448506848120832 1407448603640139776 1407448643091714056 1407448428364316677 1407448506848120832 1407448603640139776 1407448643091714056
acuñ 2 1407448428364316677 1407448428364316677
part 4 1407448428364316677 1407448718878597121 1407448428364316677 1407448718878597121
gansters 2 1407448428364316677 1407448428364316677
organiz 6 1407448428364316677 1407448563882340356 1407448706480287748 1407448428364316677 1407448563882340356 1407448706480287748
criminal 6 1407448428364316677 1407448575517339652 1407448706480287748 1407448428364316677 1407448575517339652 1407448706480287748
peligr 4 1407448428364316677 1407448495536095232 1407448428364316677 1407448495536095232
fujimor 8 1407448428364316677 1407448629338689544 1407448638280900613 1407448763510165505 1407448428364316677 1407448629338689544 1407448638280900613 1407448763510165505
import 14 1407448428364316677 1407448495536095232 1407448495536095232 1407448495536095232 1407448495536095232 1407448638280900613 1407448708262866955 1407448428364316677 1407448495536095232 1407448495536095232 1407448495536095232 1407448495536095232 1407448638280900613 1407448708262866955
pais 18 1407448428364316677 1407448495536095232 1407448506848120832 1407448506848120832 1407448507762548740 1407448641405698049 1407448671084498947 1407448708262866955 1407448708262866955 1407448428364316677 1407448495536095232 1407448506848120832 1407448506848120832 1407448507762548740 1407448641405698049 1407448671084498947 1407448708262866955 1407448708262866955
actu 6 1407448428364316677 1407448531330383874 1407448635181350916 1407448428364316677 1407448531330383874 1407448635181350916
benefici 2 1407448428364316677 1407448428364316677
ali 2 1407448428364316677 1407448428364316677
pens 2 1407448428364316677 1407448428364316677
# 56 1407448429970825216 1407448469187485699 1407448469514637318 1407448507762548740 1407448515865939968 1407448522392227848 1407448528901836803 1407448531330383874 1407448565195083781 1407448575517339652 1407448583549431814 1407448595117359105 1407448609507921931 1407448609507921931 1407448616021733378 1407448635181350916 1407448664436613123 1407448664436613123 1407448671084498947 1407448671084498947 1407448671084498947 1407448671084498947 1407448678978265092 1407448695184965634 1407448735924342787 1407448753284521986 1407448755457175556 1407448760993599492 1407448429970825216 1407448469187485699 1407448469514637318 1407448507762548740 1407448515865939968 1407448522392227848 1407448528901836803 1407448531330383874 1407448565195083781 1407448575517339652 1407448583549431814 1407448595117359105 1407448609507921931 1407448609507921931 1407448616021733378 1407448635181350916 1407448664436613123 1407448664436613123 1407448671084498947 1407448671084498947 1407448671084498947 1407448671084498947 1407448678978265092 1407448695184965634 1407448735924342787 1407448753284521986 1407448755457175556 1407448760993599492
gobiern 2 1407448429970825216 1407448429970825216
pretend 2 1407448429970825216 1407448429970825216
ungir 2 1407448429970825216 1407448429970825216
pedr 42 1407448429970825216 1407448446504681472 1407448498929385473 1407448510715383815 1407448515865939968 1407448520269963267 1407448532311740422 1407448549537767425 1407448553342046211 1407448558769524736 1407448565207781385 1407448580516990976 1407448582681210884 1407448583549431814 1407448588553232386 1407448620434141188 1407448638280900613 1407448671084498947 1407448678747586564 1407448678747586564 1407448735924342787 1407448429970825216 1407448446504681472 1407448498929385473 1407448510715383815 1407448515865939968 1407448520269963267 1407448532311740422 1407448549537767425 1407448553342046211 1407448558769524736 1407448565207781385 1407448580516990976 1407448582681210884 1407448583549431814 1407448588553232386 1407448620434141188 1407448638280900613 1407448671084498947 1407448678747586564 1407448678747586564 1407448735924342787
castill 42 1407448429970825216 1407448446504681472 1407448498929385473 1407448510715383815 1407448515865939968 1407448520269963267 1407448526611750917 1407448532311740422 1407448549537767425 1407448553342046211 1407448558769524736 1407448565207781385 1407448580516990976 1407448582681210884 1407448583549431814 1407448588553232386 1407448620434141188 1407448638280900613 1407448671084498947 1407448678747586564 1407448735924342787 1407448429970825216 1407448446504681472 1407448498929385473 1407448510715383815 1407448515865939968 1407448520269963267 1407448526611750917 1407448532311740422 1407448549537767425 1407448553342046211 1407448558769524736 1407448565207781385 1407448580516990976 1407448582681210884 1407448583549431814 1407448588553232386 1407448620434141188 1407448638280900613 1407448671084498947 1407448678747586564 1407448735924342787
president 20 1407448429970825216 1407448446504681472 1407448498929385473 1407448515865939968 1407448526611750917 1407448553342046211 1407448580516990976 1407448583549431814 1407448671084498947 1407448695449309185 1407448429970825216 1407448446504681472 1407448498929385473 1407448515865939968 1407448526611750917 1407448553342046211 1407448580516990976 1407448583549431814 1407448671084498947 1407448695449309185
informal 2 1407448429970825216 1407448429970825216
inti 2 1407448429970825216 1407448429970825216
raymi 2 1407448429970825216 1407448429970825216
denunci 8 1407448429970825216 1407448638280900613 1407448643091714056 1407448664436613123 1407448429970825216 1407448638280900613 1407448643091714056 1407448664436613123
‘ 2 1407448429970825216 1407448429970825216
bet 2 1407448429970825216 1407448429970825216
’ 2 1407448429970825216 1407448429970825216
//t.co/sbrg3egbmi 2 1407448429970825216 1407448429970825216
thenovicecritic 2 1407448430339842058 1407448430339842058
gnkrlo_01 2 1407448430339842058 1407448430339842058
natykiu 2 1407448430339842058 1407448430339842058
luchohorn 2 1407448430339842058 1407448430339842058
uy 2 1407448430339842058 1407448430339842058
mir 2 1407448430339842058 1407448430339842058
sal 6 1407448430339842058 1407448535252017167 1407448629338689544 1407448430339842058 1407448535252017167 1407448629338689544
demokrat 2 1407448430339842058 1407448430339842058
perd 4 1407448440565649411 1407448718878597121 1407448440565649411 1407448718878597121
entrev 2 1407448440565649411 1407448440565649411
coment 4 1407448440565649411 1407448471599210497 1407448440565649411 1407448471599210497
anoch 2 1407448440565649411 1407448440565649411
twitt 2 1407448440565649411 1407448440565649411
pued 4 1407448440565649411 1407448718878597121 1407448440565649411 1407448718878597121
verl 2 1407448440565649411 1407448440565649411
//t.co/ebh9vgqshw 2 1407448440565649411 1407448440565649411
( 6 1407448440565649411 1407448710628495367 1407448710628495367 1407448440565649411 1407448710628495367 1407448710628495367
recisner 2 1407448440565649411 1407448440565649411
jtownsenddc 2 1407448440565649411 1407448440565649411
) 6 1407448440565649411 1407448710628495367 1407448710628495367 1407448440565649411 1407448710628495367 1407448710628495367
//t.co/tkhexrsa3u 2 1407448440565649411 1407448440565649411
defensoria_peru 24 1407448446152347659 1407448483892768773 1407448503010349061 1407448527928713219 1407448537600770052 1407448621163978763 1407448636238307330 1407448664725983239 1407448670107312130 1407448703489691653 1407448745508171777 1407448745629868034 1407448446152347659 1407448483892768773 1407448503010349061 1407448527928713219 1407448537600770052 1407448621163978763 1407448636238307330 1407448664725983239 1407448670107312130 1407448703489691653 1407448745508171777 1407448745629868034
onpe_oficial 2 1407448446152347659 1407448446152347659
jne_peru 6 1407448446152347659 1407448515865939968 1407448563882340356 1407448446152347659 1407448515865939968 1407448563882340356
reniecperu 2 1407448446152347659 1407448446152347659
congresoperu 2 1407448446152347659 1407448446152347659
recuerd 2 1407448446152347659 1407448446152347659
inform 4 1407448446152347659 1407448456109740034 1407448446152347659 1407448456109740034
personal 16 1407448446152347659 1407448446152347659 1407448456109740034 1407448469514637318 1407448678978265092 1407448697261019136 1407448697261019136 1407448763510165505 1407448446152347659 1407448446152347659 1407448456109740034 1407448469514637318 1407448678978265092 1407448697261019136 1407448697261019136 1407448763510165505
proteg 2 1407448446152347659 1407448446152347659
constitu 4 1407448446152347659 1407448456109740034 1407448446152347659 1407448456109740034
polit 4 1407448446152347659 1407448507762548740 1407448446152347659 1407448507762548740
artº 2 1407448446152347659 1407448446152347659
2 2 1407448446152347659 1407448446152347659
numeral 2 1407448446152347659 1407448446152347659
6 4 1407448446152347659 1407448526611750917 1407448446152347659 1407448526611750917
ley 10 1407448446152347659 1407448456109740034 1407448456109740034 1407448507850625028 1407448697261019136 1407448446152347659 1407448456109740034 1407448456109740034 1407448507850625028 1407448697261019136
29733 2 1407448446152347659 1407448446152347659
proteccion 8 1407448446152347659 1407448456109740034 1407448640931647493 1407448697261019136 1407448446152347659 1407448456109740034 1407448640931647493 1407448697261019136
ds 2 1407448446152347659 1407448446152347659
003-2013-jus 2 1407448446152347659 1407448446152347659
ronder 2 1407448446504681472 1407448446504681472
pid 10 1407448446504681472 1407448691447930882 1407448696854306822 1407448743864156168 1407448762629378049 1407448446504681472 1407448691447930882 1407448696854306822 1407448743864156168 1407448762629378049
jne 6 1407448446504681472 1407448515865939968 1407448664436613123 1407448446504681472 1407448515865939968 1407448664436613123
proclam 6 1407448446504681472 1407448515865939968 1407448580516990976 1407448446504681472 1407448515865939968 1407448580516990976
//t.co/iurzwvpbww 2 1407448446504681472 1407448446504681472
youtub 2 1407448446504681472 1407448446504681472
29723 2 1407448456109740034 1407448456109740034
mencion 2 1407448456109740034 1407448456109740034
prohib 2 1407448456109740034 1407448456109740034
liber 2 1407448456109740034 1407448456109740034
padron 6 1407448456109740034 1407448515865939968 1407448629338689544 1407448456109740034 1407448515865939968 1407448629338689544
electoral 10 1407448456109740034 1407448535252017167 1407448595117359105 1407448629338689544 1407448724335386627 1407448456109740034 1407448535252017167 1407448595117359105 1407448629338689544 1407448724335386627
votant 2 1407448456109740034 1407448456109740034
ampar 2 1407448456109740034 1407448456109740034
dich 2 1407448456109740034 1407448456109740034
custodi 2 1407448456109740034 1407448456109740034
entidad 2 1407448456109740034 1407448456109740034
public 2 1407448456109740034 1407448456109740034
priv 2 1407448456109740034 1407448456109740034
banc 4 1407448456109740034 1407448678747586564 1407448456109740034 1407448678747586564
1/2 2 1407448456109740034 1407448456109740034
willaxnotici 4 1407448469187485699 1407448522392227848 1407448469187485699 1407448522392227848
“ 24 1407448469187485699 1407448476724695045 1407448522392227848 1407448595817807874 1407448595817807874 1407448613064687623 1407448613064687623 1407448664436613123 1407448678747586564 1407448695184965634 1407448695184965634 1407448695352791041 1407448469187485699 1407448476724695045 1407448522392227848 1407448595817807874 1407448595817807874 1407448613064687623 1407448613064687623 1407448664436613123 1407448678747586564 1407448695184965634 1407448695184965634 1407448695352791041
eleg 4 1407448469187485699 1407448522392227848 1407448469187485699 1407448522392227848
famili 8 1407448469187485699 1407448476724695045 1407448522392227848 1407448695352791041 1407448469187485699 1407448476724695045 1407448522392227848 1407448695352791041
ador 4 1407448469187485699 1407448522392227848 1407448469187485699 1407448522392227848
” 24 1407448469187485699 1407448476724695045 1407448522392227848 1407448595817807874 1407448595817807874 1407448613064687623 1407448613064687623 1407448664436613123 1407448678747586564 1407448695184965634 1407448695184965634 1407448695352791041 1407448469187485699 1407448476724695045 1407448522392227848 1407448595817807874 1407448595817807874 1407448613064687623 1407448613064687623 1407448664436613123 1407448678747586564 1407448695184965634 1407448695184965634 1407448695352791041
//t.co/k4jldqirip 4 1407448469187485699 1407448522392227848 1407448469187485699 1407448522392227848
urgent 4 1407448469514637318 1407448678978265092 1407448469514637318 1407448678978265092
trabaj 4 1407448469514637318 1407448678978265092 1407448469514637318 1407448678978265092
onpe 6 1407448469514637318 1407448535252017167 1407448678978265092 1407448469514637318 1407448535252017167 1407448678978265092
denunc 8 1407448469514637318 1407448469514637318 1407448678978265092 1407448678978265092 1407448469514637318 1407448469514637318 1407448678978265092 1407448678978265092
irregular 8 1407448469514637318 1407448563882340356 1407448664436613123 1407448678978265092 1407448469514637318 1407448563882340356 1407448664436613123 1407448678978265092
vuelt 10 1407448469514637318 1407448526611750917 1407448597185110019 1407448609507921931 1407448678978265092 1407448469514637318 1407448526611750917 1407448597185110019 1407448609507921931 1407448678978265092
cambi 6 1407448469514637318 1407448588553232386 1407448678978265092 1407448469514637318 1407448588553232386 1407448678978265092
arequip 4 1407448469514637318 1407448678978265092 1407448469514637318 1407448678978265092
pun 4 1407448469514637318 1407448678978265092 1407448469514637318 1407448678978265092
izquierdaz 4 1407448469514637318 1407448678978265092 1407448469514637318 1407448678978265092
consist 4 1407448469514637318 1407448678978265092 1407448469514637318 1407448678978265092
falsific 4 1407448469514637318 1407448678978265092 1407448469514637318 1407448678978265092
miembr 6 1407448469514637318 1407448678978265092 1407448703489691653 1407448469514637318 1407448678978265092 1407448703489691653
mes 6 1407448469514637318 1407448678978265092 1407448703489691653 1407448469514637318 1407448678978265092 1407448703489691653
lourdesfloresn 4 1407448469514637318 1407448678978265092 1407448469514637318 1407448678978265092
//t.co/liphjjo3 4 1407448469514637318 1407448678978265092 1407448469514637318 1407448678978265092
onvre 2 1407448471599210497 1407448471599210497
enter 4 1407448471599210497 1407448678747586564 1407448471599210497 1407448678747586564
ped 12 1407448471599210497 1407448471599210497 1407448597185110019 1407448695184965634 1407448696854306822 1407448763510165505 1407448471599210497 1407448471599210497 1407448597185110019 1407448695184965634 1407448696854306822 1407448763510165505
sexualic 2 1407448471599210497 1407448471599210497
viol 2 1407448471599210497 1407448471599210497
mat 2 1407448471599210497 1407448471599210497
etc 4 1407448471599210497 1407448471599210497 1407448471599210497 1407448471599210497
podr 2 1407448471599210497 1407448471599210497
empez 4 1407448471599210497 1407448718878597121 1407448471599210497 1407448718878597121
met 4 1407448471599210497 1407448710628495367 1407448471599210497 1407448710628495367
sexualiz 2 1407448471599210497 1407448471599210497
violent 2 1407448471599210497 1407448471599210497
✨ 2 1407448471599210497 1407448471599210497
villanell 4 1407448476724695045 1407448695352791041 1407448476724695045 1407448695352791041
favorrrrr 4 1407448476724695045 1407448695352791041 1407448476724695045 1407448695352791041
inadmis 4 1407448476724695045 1407448695352791041 1407448476724695045 1407448695352791041
muestr 4 1407448476724695045 1407448695352791041 1407448476724695045 1407448695352791041
odi 6 1407448476724695045 1407448671084498947 1407448695352791041 1407448476724695045 1407448671084498947 1407448695352791041
bulliyng 4 1407448476724695045 1407448695352791041 1407448476724695045 1407448695352791041
elig 4 1407448476724695045 1407448695352791041 1407448476724695045 1407448695352791041
ama 4 1407448476724695045 1407448695352791041 1407448476724695045 1407448695352791041
quier 8 1407448476724695045 1407448616021733378 1407448695352791041 1407448735924342787 1407448476724695045 1407448616021733378 1407448695352791041 1407448735924342787
jod 12 1407448476724695045 1407448609507921931 1407448635181350916 1407448695352791041 1407448763510165505 1407448763510165505 1407448476724695045 1407448609507921931 1407448635181350916 1407448695352791041 1407448763510165505 1407448763510165505
vay 4 1407448476724695045 1407448695352791041 1407448476724695045 1407448695352791041
tiktok 4 1407448476724695045 1407448695352791041 1407448476724695045 1407448695352791041
amenaz 20 1407448483892768773 1407448503010349061 1407448527928713219 1407448537600770052 1407448621163978763 1407448636238307330 1407448664725983239 1407448670107312130 1407448745508171777 1407448745629868034 1407448483892768773 1407448503010349061 1407448527928713219 1407448537600770052 1407448621163978763 1407448636238307330 1407448664725983239 1407448670107312130 1407448745508171777 1407448745629868034
recib 22 1407448483892768773 1407448503010349061 1407448527928713219 1407448537600770052 1407448552977190916 1407448621163978763 1407448636238307330 1407448664725983239 1407448670107312130 1407448745508171777 1407448745629868034 1407448483892768773 1407448503010349061 1407448527928713219 1407448537600770052 1407448552977190916 1407448621163978763 1407448636238307330 1407448664725983239 1407448670107312130 1407448745508171777 1407448745629868034
seguidor 20 1407448483892768773 1407448503010349061 1407448527928713219 1407448537600770052 1407448621163978763 1407448636238307330 1407448664725983239 1407448670107312130 1407448745508171777 1407448745629868034 1407448483892768773 1407448503010349061 1407448527928713219 1407448537600770052 1407448621163978763 1407448636238307330 1407448664725983239 1407448670107312130 1407448745508171777 1407448745629868034
vid 20 1407448483892768773 1407448503010349061 1407448527928713219 1407448537600770052 1407448621163978763 1407448636238307330 1407448664725983239 1407448670107312130 1407448745508171777 1407448745629868034 1407448483892768773 1407448503010349061 1407448527928713219 1407448537600770052 1407448621163978763 1407448636238307330 1407448664725983239 1407448670107312130 1407448745508171777 1407448745629868034
pong 20 1407448483892768773 1407448503010349061 1407448527928713219 1407448537600770052 1407448621163978763 1407448636238307330 1407448664725983239 1407448670107312130 1407448745508171777 1407448745629868034 1407448483892768773 1407448503010349061 1407448527928713219 1407448537600770052 1407448621163978763 1407448636238307330 1407448664725983239 1407448670107312130 1407448745508171777 1407448745629868034
avis 20 1407448483892768773 1407448503010349061 1407448527928713219 1407448537600770052 1407448621163978763 1407448636238307330 1407448664725983239 1407448670107312130 1407448745508171777 1407448745629868034 1407448483892768773 1407448503010349061 1407448527928713219 1407448537600770052 1407448621163978763 1407448636238307330 1407448664725983239 1407448670107312130 1407448745508171777 1407448745629868034
//t.co/dywermdwd 20 1407448483892768773 1407448503010349061 1407448527928713219 1407448537600770052 1407448621163978763 1407448636238307330 1407448664725983239 1407448670107312130 1407448745508171777 1407448745629868034 1407448483892768773 1407448503010349061 1407448527928713219 1407448537600770052 1407448621163978763 1407448636238307330 1407448664725983239 1407448670107312130 1407448745508171777 1407448745629868034
silenci 4 1407448484312145925 1407448583549431814 1407448484312145925 1407448583549431814
basur 2 1407448484312145925 1407448484312145925
¿ya 4 1407448495536095232 1407448495536095232 1407448495536095232 1407448495536095232
convenc 4 1407448495536095232 1407448495536095232 1407448495536095232 1407448495536095232
democraci 6 1407448495536095232 1407448502028877825 1407448629338689544 1407448495536095232 1407448502028877825 1407448629338689544
regl 2 1407448495536095232 1407448495536095232
institu 4 1407448495536095232 1407448552977190916 1407448495536095232 1407448552977190916
pandemi 2 1407448495536095232 1407448495536095232
ocurr 2 1407448498929385473 1407448498929385473
junin 4 1407448498929385473 1407448535252017167 1407448498929385473 1407448535252017167
atañ 2 1407448498929385473 1407448498929385473
rat 2 1407448498929385473 1407448498929385473
recog 2 1407448498929385473 1407448498929385473
esbirr 2 1407448498929385473 1407448498929385473
considerenl 2 1407448498929385473 1407448498929385473
ahi 2 1407448498929385473 1407448498929385473
mafios 2 1407448498929385473 1407448498929385473
combin 2 1407448498929385473 1407448498929385473
vasall 2 1407448498929385473 1407448498929385473
afp 2 1407448498929385473 1407448498929385473
//t.co/almxxuqpvg 2 1407448498929385473 1407448498929385473
ah 2 1407448502028877825 1407448502028877825
entend 2 1407448502028877825 1407448502028877825
vot 26 1407448502028877825 1407448502028877825 1407448532311740422 1407448535252017167 1407448535252017167 1407448535252017167 1407448549537767425 1407448558769524736 1407448580516990976 1407448582681210884 1407448588553232386 1407448620434141188 1407448747374788608 1407448502028877825 1407448502028877825 1407448532311740422 1407448535252017167 1407448535252017167 1407448535252017167 1407448549537767425 1407448558769524736 1407448580516990976 1407448582681210884 1407448588553232386 1407448620434141188 1407448747374788608
implic 2 1407448502028877825 1407448502028877825
carcel 4 1407448502028877825 1407448597185110019 1407448502028877825 1407448597185110019
eleccion 8 1407448506730696707 1407448597185110019 1407448635181350916 1407448638280900613 1407448506730696707 1407448597185110019 1407448635181350916 1407448638280900613
presidencial 2 1407448506730696707 1407448506730696707
//t.co/e46pfxttx 2 1407448506730696707 1407448506730696707
rppnotici 2 1407448506730696707 1407448506730696707
ve 2 1407448506848120832 1407448506848120832
lament 2 1407448506848120832 1407448506848120832
¿no 4 1407448506848120832 1407448506848120832 1407448506848120832 1407448506848120832
solidariz 2 1407448506848120832 1407448506848120832
person 2 1407448506848120832 1407448506848120832
ataqu 2 1407448506848120832 1407448506848120832
absurd 2 1407448506848120832 1407448506848120832
empec 2 1407448506848120832 1407448506848120832
dand 2 1407448506848120832 1407448506848120832
unid 6 1407448506848120832 1407448534870376455 1407448563882340356 1407448506848120832 1407448534870376455 1407448563882340356
mal 4 1407448507762548740 1407448641405698049 1407448507762548740 1407448641405698049
perdedor 4 1407448507762548740 1407448597185110019 1407448507762548740 1407448597185110019
vergüenz 2 1407448507762548740 1407448507762548740
nikkei 2 1407448507762548740 1407448507762548740
ojal 2 1407448507762548740 1407448507762548740
desaparec 2 1407448507762548740 1407448507762548740
canc 2 1407448507762548740 1407448507762548740
fujimorismonuncam 2 1407448507762548740 1407448507762548740
sra 4 1407448507850625028 1407448580516990976 1407448507850625028 1407448580516990976
k 2 1407448507850625028 1407448507850625028
dec 2 1407448507850625028 1407448507850625028
abog 2 1407448507850625028 1407448507850625028
elit 2 1407448507850625028 1407448507850625028
pur 2 1407448507850625028 1407448507850625028
crem 2 1407448507850625028 1407448507850625028
clas 2 1407448507850625028 1407448507850625028
limeñ 2 1407448507850625028 1407448507850625028
revis 6 1407448507850625028 1407448629338689544 1407448629338689544 1407448507850625028 1407448629338689544 1407448629338689544
//t.co/uimcl46lzm 2 1407448507850625028 1407448507850625028
franck 6 1407448510715383815 1407448678747586564 1407448678747586564 1407448510715383815 1407448678747586564 1407448678747586564
ministr 4 1407448510715383815 1407448640931647493 1407448510715383815 1407448640931647493
econom 4 1407448510715383815 1407448678747586564 1407448510715383815 1407448678747586564
encarg 2 1407448510715383815 1407448510715383815
gener 4 1407448510715383815 1407448678747586564 1407448510715383815 1407448678747586564
cantid 4 1407448510715383815 1407448526611750917 1407448510715383815 1407448526611750917
dependent 2 1407448510715383815 1407448510715383815
menor 4 1407448510715383815 1407448640931647493 1407448510715383815 1407448640931647493
//t.co/umq6kqhmwc 2 1407448510715383815 1407448510715383815
tendr 2 1407448515865939968 1407448515865939968
irrespons 2 1407448515865939968 1407448515865939968
corrupt 10 1407448515865939968 1407448691447930882 1407448708262866955 1407448743864156168 1407448762629378049 1407448515865939968 1407448691447930882 1407448708262866955 1407448743864156168 1407448762629378049
fraud 20 1407448515865939968 1407448535252017167 1407448563882340356 1407448595117359105 1407448597185110019 1407448691447930882 1407448735924342787 1407448735924342787 1407448743864156168 1407448762629378049 1407448515865939968 1407448535252017167 1407448563882340356 1407448595117359105 1407448597185110019 1407448691447930882 1407448735924342787 1407448735924342787 1407448743864156168 1407448762629378049
... 6 1407448515865939968 1407448563882340356 1407448563882340356 1407448515865939968 1407448563882340356 1407448563882340356
solicit 2 1407448515865939968 1407448515865939968
elector 4 1407448515865939968 1407448664436613123 1407448515865939968 1407448664436613123
provoc 2 1407448515865939968 1407448515865939968
convulsion 2 1407448515865939968 1407448515865939968
social 4 1407448515865939968 1407448640931647493 1407448515865939968 1407448640931647493
insurgenciademocrat 12 1407448515865939968 1407448528901836803 1407448583549431814 1407448635181350916 1407448671084498947 1407448735924342787 1407448515865939968 1407448528901836803 1407448583549431814 1407448635181350916 1407448671084498947 1407448735924342787
invit 2 1407448520269963267 1407448520269963267
celebr 2 1407448520269963267 1407448520269963267
fiest 2 1407448520269963267 1407448520269963267
sol 2 1407448520269963267 1407448520269963267
cusc 2 1407448520269963267 1407448520269963267
25 4 1407448520269963267 1407448588553232386 1407448520269963267 1407448588553232386
juni 2 1407448520269963267 1407448520269963267
dahulo1962 2 1407448526611750917 1407448526611750917
termin 2 1407448526611750917 1407448526611750917
dia 2 1407448526611750917 1407448526611750917
7 2 1407448526611750917 1407448526611750917
pm 2 1407448526611750917 1407448526611750917
publiqu 2 1407448526611750917 1407448526611750917
comentari 2 1407448526611750917 1407448526611750917
experient 2 1407448526611750917 1407448526611750917
indic 2 1407448526611750917 1407448526611750917
personer 2 1407448526611750917 1407448526611750917
pl 2 1407448526611750917 1407448526611750917
iban 2 1407448526611750917 1407448526611750917
impugn 2 1407448526611750917 1407448526611750917
suficient 2 1407448526611750917 1407448526611750917
actas 4 1407448526611750917 1407448563882340356 1407448526611750917 1407448563882340356
darl 2 1407448526611750917 1407448526611750917
cifr 2 1407448526611750917 1407448526611750917
inocent 2 1407448526611750917 1407448526611750917
tard 2 1407448526611750917 1407448526611750917
defend 2 1407448528901836803 1407448528901836803
uñas 2 1407448528901836803 1407448528901836803
dient 2 1407448528901836803 1407448528901836803
terror 2 1407448528901836803 1407448528901836803
conclusion 2 1407448529086386184 1407448529086386184
juez 4 1407448529086386184 1407448531330383874 1407448529086386184 1407448531330383874
victor 2 1407448529086386184 1407448529086386184
zuñig 2 1407448529086386184 1407448529086386184
advertent 2 1407448529086386184 1407448529086386184
vuelv 2 1407448529086386184 1407448529086386184
comunic 2 1407448529086386184 1407448529086386184
excongres 2 1407448529086386184 1407448529086386184
miguel 2 1407448529086386184 1407448529086386184
torr 4 1407448529086386184 1407448750537248774 1407448529086386184 1407448750537248774
lourd 4 1407448529086386184 1407448750537248774 1407448529086386184 1407448750537248774
flor 4 1407448529086386184 1407448750537248774 1407448529086386184 1407448750537248774
regres 4 1407448529086386184 1407448718878597121 1407448529086386184 1407448718878597121
prision 6 1407448529086386184 1407448531330383874 1407448695184965634 1407448529086386184 1407448531330383874 1407448695184965634
decl 2 1407448531330383874 1407448531330383874
infund 2 1407448531330383874 1407448531330383874
peticion 2 1407448531330383874 1407448531330383874
d 6 1407448531330383874 1407448535252017167 1407448535252017167 1407448531330383874 1407448535252017167 1407448535252017167
prevent 4 1407448531330383874 1407448695184965634 1407448531330383874 1407448695184965634
cia 2 1407448531330383874 1407448531330383874
derech 6 1407448531330383874 1407448640931647493 1407448671084498947 1407448531330383874 1407448640931647493 1407448671084498947
continu 2 1407448531330383874 1407448531330383874
impon 4 1407448531330383874 1407448735924342787 1407448531330383874 1407448735924342787
mandatari 2 1407448531330383874 1407448531330383874
puebl 2 1407448531330383874 1407448531330383874
inca 2 1407448531330383874 1407448531330383874
permit 6 1407448531330383874 1407448534870376455 1407448697261019136 1407448531330383874 1407448534870376455 1407448697261019136
cub 2 1407448531330383874 1407448531330383874
bauzacub 2 1407448531330383874 1407448531330383874
tic0einstein 2 1407448531330383874 1407448531330383874
raudel_leon 2 1407448531330383874 1407448531330383874
87_hrg 2 1407448531330383874 1407448531330383874
1412yolis 2 1407448531330383874 1407448531330383874
nica_rojaynegr 2 1407448531330383874 1407448531330383874
ariagnapavong 2 1407448531330383874 1407448531330383874
//t.co/d6y9gmndnu 2 1407448531330383874 1407448531330383874
burl 8 1407448532311740422 1407448558769524736 1407448582681210884 1407448620434141188 1407448532311740422 1407448558769524736 1407448582681210884 1407448620434141188
llam 16 1407448532311740422 1407448558769524736 1407448582681210884 1407448620434141188 1407448691447930882 1407448718878597121 1407448743864156168 1407448762629378049 1407448532311740422 1407448558769524736 1407448582681210884 1407448620434141188 1407448691447930882 1407448718878597121 1407448743864156168 1407448762629378049
padr 8 1407448532311740422 1407448558769524736 1407448582681210884 1407448620434141188 1407448532311740422 1407448558769524736 1407448582681210884 1407448620434141188
vizcarr 8 1407448532311740422 1407448558769524736 1407448582681210884 1407448620434141188 1407448532311740422 1407448558769524736 1407448582681210884 1407448620434141188
hero 8 1407448532311740422 1407448558769524736 1407448582681210884 1407448620434141188 1407448532311740422 1407448558769524736 1407448582681210884 1407448620434141188
ezet 8 1407448532311740422 1407448558769524736 1407448582681210884 1407448620434141188 1407448532311740422 1407448558769524736 1407448582681210884 1407448620434141188
creyend 8 1407448532311740422 1407448558769524736 1407448582681210884 1407448620434141188 1407448532311740422 1407448558769524736 1407448582681210884 1407448620434141188
cerron 8 1407448532311740422 1407448558769524736 1407448582681210884 1407448620434141188 1407448532311740422 1407448558769524736 1407448582681210884 1407448620434141188
gobern 8 1407448532311740422 1407448558769524736 1407448582681210884 1407448620434141188 1407448532311740422 1407448558769524736 1407448582681210884 1407448620434141188
chist 8 1407448532311740422 1407448558769524736 1407448582681210884 1407448620434141188 1407448532311740422 1407448558769524736 1407448582681210884 1407448620434141188
segur 2 1407448534870376455 1407448534870376455
clar 4 1407448534870376455 1407448750537248774 1407448534870376455 1407448750537248774
elvir 2 1407448534870376455 1407448534870376455
claraeospinag 4 1407448534870376455 1407448753284521986 1407448534870376455 1407448753284521986
hub 4 1407448534870376455 1407448534870376455 1407448534870376455 1407448534870376455
cort 2 1407448534870376455 1407448534870376455
mitin 2 1407448534870376455 1407448534870376455
mentir 2 1407448534870376455 1407448534870376455
estil 2 1407448534870376455 1407448534870376455
medi 2 1407448534870376455 1407448534870376455
estad 2 1407448534870376455 1407448534870376455
especial 2 1407448534870376455 1407448534870376455
bamb 2 1407448534870376455 1407448534870376455
criptoanalisis 2 1407448534870376455 1407448534870376455
cuarto_pod 4 1407448534870376455 1407448753284521986 1407448534870376455 1407448753284521986
¿usted 2 1407448534870376455 1407448534870376455
opin 2 1407448534870376455 1407448534870376455
traicion 4 1407448535252017167 1407448535252017167 1407448535252017167 1407448535252017167
pereulibr 2 1407448535252017167 1407448535252017167
internacional 2 1407448535252017167 1407448535252017167
malet 2 1407448535252017167 1407448535252017167
diner 2 1407448535252017167 1407448535252017167
campañ 8 1407448535252017167 1407448575517339652 1407448595117359105 1407448678747586564 1407448535252017167 1407448575517339652 1407448595117359105 1407448678747586564
region 2 1407448535252017167 1407448535252017167
mil 6 1407448535252017167 1407448535252017167 1407448535252017167 1407448535252017167 1407448535252017167 1407448535252017167
fals 12 1407448535252017167 1407448580516990976 1407448595117359105 1407448691447930882 1407448743864156168 1407448762629378049 1407448535252017167 1407448580516990976 1407448595117359105 1407448691447930882 1407448743864156168 1407448762629378049
q 6 1407448535252017167 1407448638280900613 1407448638280900613 1407448535252017167 1407448638280900613 1407448638280900613
algui 4 1407448535252017167 1407448638964576263 1407448535252017167 1407448638964576263
👇 4 1407448535252017167 1407448638280900613 1407448535252017167 1407448638280900613
//t.co/yrwzkuyzaf 2 1407448535252017167 1407448535252017167
gmve25 2 1407448549537767425 1407448549537767425
favor 2 1407448549537767425 1407448549537767425
precident 2 1407448549537767425 1407448549537767425
marqu 2 1407448549537767425 1407448549537767425
lapicit 2 1407448549537767425 1407448549537767425
corrupcion 4 1407448549537767425 1407448552977190916 1407448549537767425 1407448552977190916
perdon 2 1407448549537767425 1407448549537767425
seam 2 1407448549537767425 1407448549537767425
complic 4 1407448549537767425 1407448583549431814 1407448549537767425 1407448583549431814
militar 6 1407448552977190916 1407448595117359105 1407448671084498947 1407448552977190916 1407448595117359105 1407448671084498947
desfil 2 1407448552977190916 1407448552977190916
show 2 1407448552977190916 1407448552977190916
retir 4 1407448552977190916 1407448595117359105 1407448552977190916 1407448595117359105
promocion 4 1407448552977190916 1407448552977190916 1407448552977190916 1407448552977190916
90 2 1407448552977190916 1407448552977190916
sueld 2 1407448552977190916 1407448552977190916
trag 2 1407448552977190916 1407448552977190916
esfuerz 2 1407448552977190916 1407448552977190916
gasoliner 2 1407448552977190916 1407448552977190916
congres 2 1407448553342046211 1407448553342046211
colombi 2 1407448553342046211 1407448553342046211
exhort 2 1407448553342046211 1407448553342046211
reconoc 2 1407448553342046211 1407448553342046211
//t.co/nswoqdisn5 2 1407448553342046211 1407448553342046211
mafi 2 1407448563882340356 1407448563882340356
cavi 2 1407448563882340356 1407448563882340356
trat 2 1407448563882340356 1407448563882340356
bloqu 2 1407448563882340356 1407448563882340356
anal 2 1407448563882340356 1407448563882340356
puest 2 1407448563882340356 1407448563882340356
prueb 20 1407448563882340356 1407448597185110019 1407448629338689544 1407448629338689544 1407448691447930882 1407448691447930882 1407448743864156168 1407448743864156168 1407448762629378049 1407448762629378049 1407448563882340356 1407448597185110019 1407448629338689544 1407448629338689544 1407448691447930882 1407448691447930882 1407448743864156168 1407448743864156168 1407448762629378049 1407448762629378049
detect 2 1407448563882340356 1407448563882340356
8,457 2 1407448563882340356 1407448563882340356
//t.co/2la9s9anv2 2 1407448563882340356 1407448563882340356
berrinch 6 1407448565195083781 1407448755457175556 1407448760993599492 1407448565195083781 1407448755457175556 1407448760993599492
keikoaceptatuderrot 6 1407448565195083781 1407448755457175556 1407448760993599492 1407448565195083781 1407448755457175556 1407448760993599492
//t.co/69qstnb6pg 6 1407448565195083781 1407448755457175556 1407448760993599492 1407448565195083781 1407448755457175556 1407448760993599492
jinsetmv 2 1407448565207781385 1407448565207781385
liberal 2 1407448565207781385 1407448565207781385
supong 2 1407448565207781385 1407448565207781385
moritalim 2 1407448575517339652 1407448575517339652
descubiert 2 1407448575517339652 1407448575517339652
pedrocastill 2 1407448575517339652 1407448575517339652
financi 2 1407448575517339652 1407448575517339652
💰 2 1407448575517339652 1407448575517339652
narcotraf 2 1407448575517339652 1407448575517339652
provenient 2 1407448575517339652 1407448575517339652
band 2 1407448575517339652 1407448575517339652
losdinamicosdelcentr 2 1407448575517339652 1407448575517339652
//t.co/3lxfqreqpu 2 1407448575517339652 1407448575517339652
hag 4 1407448580516990976 1407448580516990976 1407448580516990976 1407448580516990976
vas 4 1407448580516990976 1407448718878597121 1407448580516990976 1407448718878597121
imped 2 1407448580516990976 1407448580516990976
activ 4 1407448580516990976 1407448706480287748 1407448580516990976 1407448706480287748
as 4 1407448580516990976 1407448747374788608 1407448580516990976 1407448747374788608
echo 2 1407448580516990976 1407448580516990976
rectific 2 1407448580516990976 1407448580516990976
antivot 2 1407448580516990976 1407448580516990976
tien 4 1407448580516990976 1407448718878597121 1407448580516990976 1407448718878597121
gent 2 1407448580516990976 1407448580516990976
ti 2 1407448580516990976 1407448580516990976
detest 2 1407448580516990976 1407448580516990976
arrepient 2 1407448580516990976 1407448580516990976
creid 2 1407448580516990976 1407448580516990976
tus 2 1407448580516990976 1407448580516990976
palabr 4 1407448580516990976 1407448671084498947 1407448580516990976 1407448671084498947
antidemocrat 2 1407448583549431814 1407448583549431814
usurp 2 1407448583549431814 1407448583549431814
funcion 4 1407448583549431814 1407448678747586564 1407448583549431814 1407448678747586564
declar 2 1407448583549431814 1407448583549431814
republ 6 1407448583549431814 1407448595817807874 1407448613064687623 1407448583549431814 1407448595817807874 1407448613064687623
poder 2 1407448583549431814 1407448583549431814
ejecut 2 1407448583549431814 1407448583549431814
lider 2 1407448583549431814 1407448583549431814
francisc 2 1407448583549431814 1407448583549431814
sagasti 4 1407448583549431814 1407448735924342787 1407448583549431814 1407448735924342787
interes 2 1407448588553232386 1407448588553232386
mit 2 1407448588553232386 1407448588553232386
lleg 2 1407448588553232386 1407448588553232386
antimodel 2 1407448588553232386 1407448588553232386
super 2 1407448588553232386 1407448588553232386
antifujimor 2 1407448588553232386 1407448588553232386
escandal 2 1407448595117359105 1407448595117359105
plen 2 1407448595117359105 1407448595117359105
argument 6 1407448595117359105 1407448710628495367 1407448710628495367 1407448595117359105 1407448710628495367 1407448710628495367
wola_org 2 1407448595117359105 1407448595117359105
whaasstsecty 2 1407448595117359105 1407448595117359105
secblink 2 1407448595117359105 1407448595117359105
cartajuaner 2 1407448595117359105 1407448595117359105
fact 8 1407448595817807874 1407448595817807874 1407448613064687623 1407448613064687623 1407448595817807874 1407448595817807874 1407448613064687623 1407448613064687623
checking 8 1407448595817807874 1407448595817807874 1407448613064687623 1407448613064687623 1407448595817807874 1407448595817807874 1407448613064687623 1407448613064687623
pasquin 4 1407448595817807874 1407448613064687623 1407448595817807874 1407448613064687623
cm 4 1407448595817807874 1407448613064687623 1407448595817807874 1407448613064687623
jne… 4 1407448595817807874 1407448613064687623 1407448595817807874 1407448613064687623
.. 6 1407448595817807874 1407448613064687623 1407448678747586564 1407448595817807874 1407448613064687623 1407448678747586564
delit 6 1407448595817807874 1407448613064687623 1407448706480287748 1407448595817807874 1407448613064687623 1407448706480287748
suplantacion… 4 1407448595817807874 1407448613064687623 1407448595817807874 1407448613064687623
bast 2 1407448597185110019 1407448597185110019
hic 4 1407448597185110019 1407448710628495367 1407448597185110019 1407448710628495367
primee 2 1407448597185110019 1407448597185110019
sac 4 1407448597185110019 1407448753284521986 1407448597185110019 1407448753284521986
raf 2 1407448597185110019 1407448597185110019
temein 2 1407448597185110019 1407448597185110019
patalet 2 1407448597185110019 1407448597185110019
triunf 2 1407448597185110019 1407448597185110019
julianaoxenford 2 1407448597185110019 1407448597185110019
jaimechinch 2 1407448597185110019 1407448597185110019
//t.co/1gesx7bigs 2 1407448597185110019 1407448597185110019
jsudak 2 1407448603640139776 1407448603640139776
elcomercio_peru 4 1407448603640139776 1407448646296084480 1407448603640139776 1407448646296084480
usted 2 1407448603640139776 1407448603640139776
contact 2 1407448603640139776 1407448603640139776
40 2 1407448603640139776 1407448603640139776
coimput 2 1407448603640139776 1407448603640139776
fiscaliaperu 8 1407448603640139776 1407448616021733378 1407448640931647493 1407448703489691653 1407448603640139776 1407448616021733378 1407448640931647493 1407448703489691653
//t.co/dylmvonguj 2 1407448603640139776 1407448603640139776
titowank 4 1407448603640139776 1407448762486767625 1407448603640139776 1407448762486767625
noakeikop 2 1407448603640139776 1407448603640139776
noakeik 2 1407448603640139776 1407448603640139776
keikonova2016 2 1407448603640139776 1407448603640139776
lasalitadelsin 2 1407448603640139776 1407448603640139776
hurgamemoriap 2 1407448603640139776 1407448603640139776
recuerdosperu 4 1407448603640139776 1407448753284521986 1407448603640139776 1407448753284521986
//t.co/buc6wsiy9m 2 1407448603640139776 1407448603640139776
//t.co/wfrihlg77q 2 1407448603640139776 1407448603640139776
pas 6 1407448609507921931 1407448629338689544 1407448724335386627 1407448609507921931 1407448629338689544 1407448724335386627
dij 4 1407448609507921931 1407448710628495367 1407448609507921931 1407448710628495367
facil 2 1407448609507921931 1407448609507921931
gan 2 1407448609507921931 1407448609507921931
pel 2 1407448609507921931 1407448609507921931
final 2 1407448609507921931 1407448609507921931
fraundeenmes 2 1407448609507921931 1407448609507921931
comunismonuncam 2 1407448609507921931 1407448609507921931
fiscal 4 1407448616021733378 1407448750537248774 1407448616021733378 1407448750537248774
obsesion 2 1407448616021733378 1407448616021733378
persistent 2 1407448616021733378 1407448616021733378
enardec 2 1407448616021733378 1407448616021733378
encaus 2 1407448616021733378 1407448616021733378
martinvizcarrac 2 1407448616021733378 1407448616021733378
racional 2 1407448616021733378 1407448616021733378
verb 2 1407448616021733378 1407448616021733378
soseg 2 1407448616021733378 1407448616021733378
josedomingop 2 1407448616021733378 1407448616021733378
¿podr 2 1407448616021733378 1407448616021733378
cont 2 1407448616021733378 1407448616021733378
sera….🐊 2 1407448616021733378 1407448616021733378
vizcarrasiguealm 2 1407448616021733378 1407448616021733378
chrisbustc 2 1407448616801910790 1407448616801910790
😂😂🤠 2 1407448616801910790 1407448616801910790
coquivc 2 1407448629338689544 1407448629338689544
carmengarciaj51 2 1407448629338689544 1407448629338689544
adolfocaqui 2 1407448629338689544 1407448629338689544
frospigliosi 2 1407448629338689544 1407448629338689544
jef 2 1407448629338689544 1407448629338689544
siqu 2 1407448629338689544 1407448629338689544
def 2 1407448629338689544 1407448629338689544
rla 2 1407448629338689544 1407448629338689544
present 6 1407448629338689544 1407448664436613123 1407448695184965634 1407448629338689544 1407448664436613123 1407448695184965634
perici 2 1407448629338689544 1407448629338689544
siniestr 2 1407448629338689544 1407448629338689544
aren 2 1407448629338689544 1407448629338689544
acpet 2 1407448635181350916 1407448635181350916
dej 2 1407448635181350916 1407448635181350916
//t.co/tzrt5t9bbf 2 1407448635181350916 1407448635181350916
.un 4 1407448638280900613 1407448638280900613 1407448638280900613 1407448638280900613
53 4 1407448638280900613 1407448643091714056 1407448638280900613 1407448643091714056
piens 4 1407448638280900613 1407448638280900613 1407448638280900613 1407448638280900613
razon 4 1407448638280900613 1407448643091714056 1407448638280900613 1407448643091714056
votacion 2 1407448638280900613 1407448638280900613
66 2 1407448638280900613 1407448638280900613
ganador 2 1407448638280900613 1407448638280900613
independient 2 1407448638280900613 1407448638280900613
preferent 2 1407448638280900613 1407448638280900613
//t.co/esgkjndzor 2 1407448638280900613 1407448638280900613
usembassyperu 2 1407448638964576263 1407448638964576263
gust 2 1407448638964576263 1407448638964576263
titer 2 1407448638964576263 1407448638964576263
pedrocastillot 8 1407448638964576263 1407448705851088896 1407448708262866955 1407448724335386627 1407448638964576263 1407448705851088896 1407448708262866955 1407448724335386627
mimpperu 2 1407448640931647493 1407448640931647493
ciudadan 2 1407448640931647493 1407448640931647493
elvishcontrer 2 1407448640931647493 1407448640931647493
expon 2 1407448640931647493 1407448640931647493
nombr 2 1407448640931647493 1407448640931647493
candidat 2 1407448640931647493 1407448640931647493
norm 4 1407448640931647493 1407448671084498947 1407448640931647493 1407448671084498947
convencion 2 1407448640931647493 1407448640931647493
sñra 2 1407448641405698049 1407448641405698049
crec 2 1407448643091714056 1407448643091714056
rechaz 2 1407448643091714056 1407448643091714056
desconoc 2 1407448643091714056 1407448643091714056
result 2 1407448643091714056 1407448643091714056
//t.co/gt6jhuq8pi 2 1407448643091714056 1407448643091714056
//t.co/n18ecqzxih 2 1407448646296084480 1407448646296084480
🚨 2 1407448664436613123 1407448664436613123
loultim 2 1407448664436613123 1407448664436613123
eleccionesperu2021 2 1407448664436613123 1407448664436613123
🇵🇪| 2 1407448664436613123 1407448664436613123
judicial 4 1407448664436613123 1407448750537248774 1407448664436613123 1407448750537248774
acced 2 1407448664436613123 1407448664436613123
list 2 1407448664436613123 1407448664436613123
recurs 2 1407448664436613123 1407448664436613123
interpuest 2 1407448664436613123 1407448664436613123
verific 2 1407448664436613123 1407448664436613123
//t.co/0sec1g4itt 2 1407448664436613123 1407448664436613123
🎥🛑 2 1407448671084498947 1407448671084498947
alert 2 1407448671084498947 1407448671084498947
ht 2 1407448671084498947 1407448671084498947
golpedekeikoenperu 2 1407448671084498947 1407448671084498947
🔻 2 1407448671084498947 1407448671084498947
merec 2 1407448671084498947 1407448671084498947
yarrow 2 1407448671084498947 1407448671084498947
refuerz 2 1407448671084498947 1407448671084498947
racism 2 1407448671084498947 1407448671084498947
⚠️disfraz 2 1407448671084498947 1407448671084498947
golp 2 1407448671084498947 1407448671084498947
//t.co/zbdtgmjlt6 2 1407448671084498947 1407448671084498947
terruque 2 1407448678747586564 1407448678747586564
zozobr 2 1407448678747586564 1407448678747586564
parec 2 1407448678747586564 1407448678747586564
inversion 4 1407448678747586564 1407448678747586564 1407448678747586564 1407448678747586564
perspect 2 1407448678747586564 1407448678747586564
administr 2 1407448678747586564 1407448678747586564
fond 2 1407448678747586564 1407448678747586564
jp 2 1407448678747586564 1407448678747586564
morg 2 1407448678747586564 1407448678747586564
ven 2 1407448678747586564 1407448678747586564
plan 2 1407448678747586564 1407448678747586564
//t.co/e70s5csjaf 2 1407448678747586564 1407448678747586564
espant 6 1407448691447930882 1407448743864156168 1407448762629378049 1407448691447930882 1407448743864156168 1407448762629378049
reyreysincoron 6 1407448691447930882 1407448743864156168 1407448762629378049 1407448691447930882 1407448743864156168 1407448762629378049
afirm 6 1407448691447930882 1407448743864156168 1407448762629378049 1407448691447930882 1407448743864156168 1407448762629378049
veint 6 1407448691447930882 1407448743864156168 1407448762629378049 1407448691447930882 1407448743864156168 1407448762629378049
canal 6 1407448691447930882 1407448743864156168 1407448762629378049 1407448691447930882 1407448743864156168 1407448762629378049
instanci 6 1407448691447930882 1407448743864156168 1407448762629378049 1407448691447930882 1407448743864156168 1407448762629378049
mostr 6 1407448691447930882 1407448743864156168 1407448762629378049 1407448691447930882 1407448743864156168 1407448762629378049
hipocrit 6 1407448691447930882 1407448743864156168 1407448762629378049 1407448691447930882 1407448743864156168 1407448762629378049
indign 6 1407448691447930882 1407448743864156168 1407448762629378049 1407448691447930882 1407448743864156168 1407448762629378049
notici 2 1407448695184965634 1407448695184965634
cuestion 2 1407448695184965634 1407448695184965634
anunci 2 1407448695184965634 1407448695184965634
800 2 1407448695184965634 1407448695184965634
nulidad 2 1407448695184965634 1407448695184965634
//t.co/r9fhcnmfc 2 1407448695184965634 1407448695184965634
perr 2 1407448695449309185 1407448695449309185
maldit 2 1407448695449309185 1407448695449309185
malnqc 2 1407448695449309185 1407448695449309185
seras 2 1407448695449309185 1407448695449309185
malpar 2 1407448695449309185 1407448695449309185
diosdeos 2 1407448696854306822 1407448696854306822
mitsuhideuwu 2 1407448696854306822 1407448696854306822
urticaria1989 2 1407448696854306822 1407448696854306822
luisdelacruzn 2 1407448696854306822 1407448696854306822
rmapalaci 2 1407448696854306822 1407448696854306822
compadr 2 1407448696854306822 1407448696854306822
logic 2 1407448696854306822 1407448696854306822
ayud 4 1407448696854306822 1407448696854306822 1407448696854306822 1407448696854306822
imperi 2 1407448696854306822 1407448696854306822
compet 2 1407448696854306822 1407448696854306822
españ 2 1407448696854306822 1407448696854306822
inglaterr 2 1407448696854306822 1407448696854306822
comenz 2 1407448696854306822 1407448696854306822
revolu 2 1407448696854306822 1407448696854306822
mirand 2 1407448696854306822 1407448696854306822
cans 2 1407448696854306822 1407448696854306822
permitiri 2 1407448697261019136 1407448697261019136
informacion 2 1407448697261019136 1407448697261019136
sensibl 2 1407448697261019136 1407448697261019136
caig 2 1407448697261019136 1407448697261019136
organizacion 2 1407448697261019136 1407448697261019136
suy 2 1407448697261019136 1407448697261019136
waykaperu 4 1407448703489691653 1407448736054251522 1407448703489691653 1407448736054251522
quer 2 1407448703489691653 1407448703489691653
fernand99158176 2 1407448705851088896 1407448705851088896
oscar32017606 2 1407448705851088896 1407448705851088896
vladimir_cerron 4 1407448705851088896 1407448708262866955 1407448705851088896 1407448708262866955
ser 2 1407448705851088896 1407448705851088896
aplast 2 1407448705851088896 1407448705851088896
terruc 2 1407448705851088896 1407448705851088896
cucarach 2 1407448705851088896 1407448705851088896
//t.co/l1ak7bndbz 2 1407448705851088896 1407448705851088896
desactualiz 2 1407448706480287748 1407448706480287748
cintill 2 1407448706480287748 1407448706480287748
justici 2 1407448706480287748 1407448706480287748
tv 2 1407448706480287748 1407448706480287748
investig 2 1407448706480287748 1407448706480287748
acus 2 1407448706480287748 1407448706480287748
lav 2 1407448706480287748 1407448706480287748
//t.co/m2cqnbmycm 2 1407448706480287748 1407448706480287748
evoespuebl 2 1407448708262866955 1407448708262866955
opinion 2 1407448708262866955 1407448708262866955
signif 2 1407448708262866955 1407448708262866955
miser 2 1407448708262866955 1407448708262866955
pervert 2 1407448708262866955 1407448708262866955
dictadur 2 1407448708262866955 1407448708262866955
instal 2 1407448708262866955 1407448708262866955
asegur 2 1407448708262866955 1407448708262866955
[ 2 1407448708745248774 1407448708745248774
mar 2 1407448708745248774 1407448708745248774
isabel 2 1407448708745248774 1407448708745248774
alvarez 2 1407448708745248774 1407448708745248774
maralvam 2 1407448708745248774 1407448708745248774
] 2 1407448708745248774 1407448708745248774
//t.co/r4sxjvwnk6 2 1407448708745248774 1407448708745248774
ginoft 2 1407448710628495367 1407448710628495367
francis47725457 2 1407448710628495367 1407448710628495367
dairarafael 2 1407448710628495367 1407448710628495367
mayteebonny 2 1407448710628495367 1407448710628495367
clachit 2 1407448710628495367 1407448710628495367
crack 2 1407448710628495367 1407448710628495367
ad 4 1407448710628495367 1407448710628495367 1407448710628495367 1407448710628495367
hominem 4 1407448710628495367 1407448710628495367 1407448710628495367 1407448710628495367
falaci 6 1407448710628495367 1407448710628495367 1407448710628495367 1407448710628495367 1407448710628495367 1407448710628495367
dig 2 1407448710628495367 1407448710628495367
unic 2 1407448710628495367 1407448710628495367
caist 2 1407448710628495367 1407448710628495367
defendi 2 1407448710628495367 1407448710628495367
paj 2 1407448710628495367 1407448710628495367
jamas 2 1407448710628495367 1407448710628495367
quedart 2 1407448710628495367 1407448710628495367
videojueg 2 1407448710628495367 1407448710628495367
😂👍 2 1407448710628495367 1407448710628495367
pobrecit 2 1407448718878597121 1407448718878597121
despiertat 2 1407448718878597121 1407448718878597121
acab 2 1407448718878597121 1407448718878597121
sueñ 2 1407448718878597121 1407448718878597121
abre 2 1407448718878597121 1407448718878597121
ojos 2 1407448718878597121 1407448718878597121
realid 2 1407448718878597121 1407448718878597121
hund 2 1407448718878597121 1407448718878597121
arrastr 2 1407448718878597121 1407448718878597121
egoism 2 1407448718878597121 1407448718878597121
egocentr 2 1407448718878597121 1407448718878597121
problem 2 1407448718878597121 1407448718878597121
psiciatr 2 1407448718878597121 1407448718878597121
curart 2 1407448718878597121 1407448718878597121
ilusion 2 1407448718878597121 1407448718878597121
julioguzmanperu 2 1407448724335386627 1407448724335386627
partidomor 2 1407448724335386627 1407448724335386627
vall 2 1407448724335386627 1407448724335386627
contig 2 1407448735924342787 1407448735924342787
descar 2 1407448735924342787 1407448735924342787
graci 2 1407448736054251522 1407448736054251522
regal 2 1407448736054251522 1407448736054251522
//t.co/odlq6f1zz6 2 1407448736054251522 1407448736054251522
eleiçõ 2 1407448747374788608 1407448747374788608
tivessem 2 1407448747374788608 1407448747374788608
com 2 1407448747374788608 1407448747374788608
impress 2 1407448747374788608 1407448747374788608
ja 2 1407448747374788608 1407448747374788608
estari 2 1407448747374788608 1407448747374788608
tud 2 1407448747374788608 1407448747374788608
recont 2 1407448747374788608 1407448747374788608
resolv 2 1407448747374788608 1407448747374788608
1/1 2 1407448750537248774 1407448750537248774
caviar 2 1407448750537248774 1407448750537248774
envi 2 1407448750537248774 1407448750537248774
mensaj 2 1407448750537248774 1407448750537248774
libr 2 1407448750537248774 1407448750537248774
literal 2 1407448750537248774 1407448750537248774
ajust 2 1407448750537248774 1407448750537248774
clavij 2 1407448750537248774 1407448750537248774
aisl 2 1407448750537248774 1407448750537248774
defensor 2 1407448750537248774 1407448750537248774
conspicu 2 1407448750537248774 1407448750537248774
miki 2 1407448750537248774 1407448750537248774
just 2 1407448753284521986 1407448753284521986
artimañ 2 1407448753284521986 1407448753284521986
dejan 2 1407448757948592133 1407448757948592133
paz 2 1407448757948592133 1407448757948592133
solidar 2 1407448762486767625 1407448762486767625
bajes 2 1407448763510165505 1407448763510165505
.... 2 1407448763510165505 1407448763510165505
